0 0
1 3.77602
2 3.77461
3 3.77179
4 3.76757
5 3.76197
6 3.75498
7 3.74664
8 3.73697
9 3.72598
10 3.71371
11 3.70019
12 3.68545
13 3.66952
14 3.65245
15 3.63426
16 3.61502
17 3.59475
18 3.5735
19 3.55132
20 3.52825
21 3.50435
22 3.47965
23 3.45421
24 3.42808
25 3.4013
26 3.37391
27 3.34598
28 3.31754
29 3.28863
30 3.25931
31 3.22961
32 3.19959
33 3.16927
34 3.13871
35 3.10793
36 3.07698
37 3.04589
38 3.0147
39 2.98343
40 2.95213
41 2.92081
42 2.88952
43 2.85826
44 2.82708
45 2.79599
46 2.76502
47 2.73418
48 2.7035
49 2.67299
50 2.64268
51 2.61257
52 2.58268
53 2.55303
54 2.52362
55 2.49447
56 2.46559
57 2.43699
58 2.40867
59 2.38065
60 2.35292
61 2.3255
62 2.29839
63 2.27159
64 2.24511
65 2.21895
66 2.19311
67 2.1676
68 2.14241
69 2.11755
70 2.09302
71 2.06881
72 2.04493
73 2.02138
74 1.99815
75 1.97524
76 1.95266
77 1.9304
