0 10100
3 10103.8
6 10111.3
9 10122.6
12 10137.7
15 10156.6
18 10179.2
21 10205.6
24 10235.6
27 10269.5
30 10307
33 10348.2
36 10393.1
39 10441.7
42 10494
45 10549.8
48 10609.3
51 10672.4
54 10739.1
57 10809.3
60 10883
63 10960.2
66 11041
69 11125.1
72 11212.7
75 11303.7
78 11398.1
81 11495.8
84 11596.9
87 11701.2
90 11808.8
93 11919.6
96 12033.6
99 12150.8
102 12271.1
105 12394.6
108 12521.1
111 12650.6
114 12783.2
117 12918.8
120 13057.3
123 13198.7
126 13343
129 13490.2
132 13640.2
135 13793
138 13948.5
141 14106.8
144 14267.8
147 14431.5
150 14597.8
153 14766.8
156 14938.3
159 15112.3
162 15288.9
165 15468
168 15649.6
171 15833.5
174 16019.9
177 16208.7
180 16399.8
183 16593.3
186 16789
189 16987.1
192 17187.3
195 17389.8
198 17594.5
201 17801.3
204 18010.3
207 18221.4
210 18434.6
213 18649.9
216 18867.2
219 19086.6
222 19307.9
225 19531.2
228 19756.5
231 19983.7
