0 0
1 3.77602
2 7.55063
3 11.3224
4 15.09
5 18.852
6 22.6069
7 26.3536
8 30.0906
9 33.8165
10 37.5303
11 41.2304
12 44.9159
13 48.5854
14 52.2379
15 55.8721
16 59.4871
17 63.0819
18 66.6554
19 70.2067
20 73.735
21 77.2393
22 80.719
23 84.1732
24 87.6013
25 91.0026
26 94.3765
27 97.7225
28 101.04
29 104.329
30 107.588
31 110.818
32 114.017
33 117.186
34 120.325
35 123.433
36 126.51
37 129.556
38 132.571
39 135.554
40 138.506
41 141.427
42 144.316
43 147.175
44 150.002
45 152.798
46 155.563
47 158.297
48 161.001
49 163.674
50 166.316
51 168.929
52 171.511
53 174.064
54 176.588
55 179.083
56 181.548
57 183.985
58 186.394
59 188.774
60 191.127
61 193.453
62 195.751
63 198.023
64 200.268
65 202.487
66 204.68
67 206.848
68 208.99
69 211.108
70 213.201
71 215.269
72 217.314
73 219.336
74 221.334
75 223.309
76 225.262
77 227.192
